


#####################################
##    Jacobi SVD algoritme Demo    ##
##      Student Thomas Nielsen     ##
##          aka 201406295          ##
##      exersice 95 mod 22 = 7     ##
#####################################



Please enter size of matrix : 

Please enter number of colums m : 

4

Please enter number of rows n>=m : 

7

you have chosen a matrix of size 7 x 4 !  


do you wish to enter your own matrix ? ( enter 1 )
or do you wish to have your matrix filled in random ? ( enter 0 or not 1 ) 


You chose to Auto fill your matrix !

Hers YOur Matrix >>'A'<< Lets get to the fun stuff !



	 2.130386 	 0.980787 	 4.614736 	 0.436357 

	 0.501426 	 0.759134 	 0.710526 	 1.039331 

	 0.886260 	 0.233295 	 0.067112 	 0.170649 

	 0.390775 	 1.192830 	 4.576829 	 0.611280 

	 2.069508 	 1.216036 	 0.507397 	 0.379223 

	 0.684161 	 0.448924 	 0.803825 	 0.878891 

	 0.073479 	 6.112256 	 0.289816 	 2.551593 




         -------- Calculation commence ! --------


    ------------------ case of n>m ---------------------
 ------------------ Decomposition A=QR ---------------------


	---------- Q -----------



	 0.657938 	 -0.052289 	 0.373972 	 -0.169547 

	 0.154858 	 0.073247 	 -0.000224 	 0.695161 

	 0.273708 	 -0.050048 	 -0.208165 	 0.041669 

	 0.120685 	 0.154448 	 0.783993 	 -0.024642 

	 0.639137 	 -0.008158 	 -0.433645 	 -0.222398 

	 0.211293 	 0.004900 	 -0.018138 	 0.657727 

	 0.022693 	 0.982574 	 -0.117429 	 -0.059975 




	---------- R -----------



	 3.237973 	 1.981438 	 4.217680 	 1.054507 

	 0.000000 	 6.174897 	 0.798834 	 2.647523 

	 0.000000 	 0.000000 	 5.031215 	 0.126650 

	 0.000000 	 0.000000 	 0.000000 	 0.981266 




------------------ Givens Demonstration ---------------------
--------------------- Givens(1,2) * R  ----------------------



	 3.168533 	 0.666986 	 3.962678 	 0.486532 

	 0.666986 	 6.450626 	 1.650497 	 2.807962 

	 0.000000 	 0.000000 	 5.031215 	 0.126650 

	 0.000000 	 0.000000 	 0.000000 	 0.981266 





One sees that the Givesrotation has alterede the values of the matrix.
But more importently index R(2,1) and R(1,2) has become equale.
Thus setting up for the implementation of the jacobi transformation.

Not after Givens Rotation R is not upper triangular , but this is expected.



---------------- End of Givens Demonstration -----------------


        ----------   Calculation Endet !  ----------


	---------- U -----------



	 0.206933 	 -0.507300 	 0.525399 	 -0.167329 

	 0.089343 	 0.026771 	 0.172133 	 0.688670 

	 0.342813 	 -0.005911 	 0.058008 	 0.039611 

	 -0.492752 	 -0.409764 	 0.492288 	 -0.024757 

	 0.738256 	 0.017522 	 0.216523 	 -0.232078 

	 0.156701 	 -0.032727 	 0.154045 	 0.654405 

	 -0.138902 	 0.756710 	 0.614818 	 -0.115962 




	---------- V -----------



	 0.945820 	 -0.202824 	 0.251794 	 -0.029770 

	 -0.050201 	 0.638950 	 0.656159 	 -0.398344 

	 -0.320783 	 -0.696758 	 0.641241 	 -0.020922 

	 0.001580 	 0.255213 	 0.308003 	 0.916514 




	---------- D -----------



	 2.349010 	 0.000000 	 -0.000000 	 0.000000 

	 0.000000 	 5.735081 	 0.000000 	 -0.000000 

	 -0.000000 	 0.000000 	 8.133867 	 0.000000 

	 -0.000000 	 0.000000 	 -0.000000 	 0.900826 




	 ---- Finaly Testing if A = UDV^T ---- 


	 2.130386 	 0.980787 	 4.614736 	 0.436357 

	 0.501426 	 0.759134 	 0.710526 	 1.039331 

	 0.886260 	 0.233295 	 0.067112 	 0.170649 

	 0.390775 	 1.192830 	 4.576829 	 0.611280 

	 2.069508 	 1.216036 	 0.507397 	 0.379223 

	 0.684161 	 0.448924 	 0.803825 	 0.878891 

	 0.073479 	 6.112256 	 0.289816 	 2.551593 




	Number of iterations , as in number of sweeps  = 4 



#####################################
##           End of Demo           ##
#####################################
